2893294
4568831
5006670
5011543
5009543
5016688
4503308
5005260
4038806
5022502
5015878
4580325
2641690
2718704
2478063
982573
4579311
4535680
4287903
5020372
5004296
5003214
5011651
5018506
2661254
4559309
2919394
2961908
2533523
5014699
2923528
5023696
4520024
4033813
5000736
5005033
5022906
4566782
5015684
4580364
5022282
5010793
5003173
5004476
4471331
5015895
5001567
5006738
4593175
4049179
4467694
4493478
4577586
5000802
2892074
4586864
5014032
5005101
5008212
5010342
3172729
4577266
5007186
5026361
2913152
2895592
5000842
4592438
2607712
5017308
2862152
5005565
5011487
5014666
5018482
5016616
2898868
5014023
2928680
2913270
2901125
5019275
4586781
5023773
4571756
2524375
4560366
5004237
4537759
5004760
5012170
5005611
5012599
4056887
2868626
2677070
2919355
4457146
5010415
5015807
5020030
4589212
4571744
5003637
5025297
4557957
2467173
2600217
5022834
2901128
4598242
2600211
5016139
2884846
2920189
5001391
5016705
2871690
4480730
5001330
2898871
4561600
4566785
5004945
2504637
5020435
5011831
5014671
5025183
4034662
5017380
4594440
5001649
5015020
2883200
4567523
4577063
2616676
4088785
5020953
4023057
2903939
2912390
5005699
4489907
4516115
4598291
5006753
4586853
4497932
5009596
4562830
2544514
4601319
2843630
4103729
4053577
5014035
4565503
5011352
5019959
5013942
4343902
4570334
5021233
4338832
5025221
4598481
2565063
4601382
2887595
4480979
5018410
2909569
2468871
5007253
2151757
2911106
5007273